   Wp=[-1.0000    0.0000    0.6141    0.3859   -0.0000    0.0000    0.0000   -0.0000;
    0.0039   -0.8654    0.0931    0.0079    0.0770    0.2699    0.0221    0.3916;
    0.0000   -0.0000   -1.0000         0   -0.0000    0.0000    0.6012    0.3988;
    0.0000    0.0000   -0.0000   -1.0000    0.0000    0.0000    0.0131    0.9869;
         0    0.0000         0         0   -1.0000    0.0000    0.9869    0.0131;
         0   -0.0000         0         0    0.0000   -1.0000   -0.0000    1.0000;
         0   -0.0000         0         0    0.0000         0   -0.0293    0.0293;
         0         0         0         0         0    0.0000    1.0000   -1.0000];

Wm=[         0         0         0         0         0         0         0         0;
    0.6692   -0.9382    0.1991    0.0479   -0.0000    0.0102    0.0118   -0.0000;
    1.0000         0   -1.0000    0.0000   -0.0000   -0.0000         0         0;
    1.0000         0    0.0000   -1.0000         0    0.0000         0         0;
    1.0000    0.0000   -0.0000   -0.0000   -1.0000    0.0000         0         0;
    1.0000         0         0         0         0   -1.0000         0         0;
    0.0000         0    0.0000    0.0000    0.9979    0.0021   -1.0000    0.0000;
    0.0000         0   -0.0000    0.0000    0.5526    0.4474    0.0000   -1.0000];